,Type 1,Type 2,Type 3,Type 4,Type 5,Type 6
HAWiki,0.552082917,0.4381123139,0.1258189657,0.6580722241,0.2002681163,0.1194373077
TWWiki,0.2464050991,0.3531429092,0.4832612501,0.4970808242,0.4491634383,0.3635877293
SVWiki,0.2628962033,0.3988786228,0.1586217835,0.2599656736,0.4899211547,0.6625825767
UCForum,0.4228820469,0.4745162797,0.4145591804,0.4118326983,0.3006397575,0.4051608638
SDWiki,0.1437009794,0.004589979167,0.4628607484,0.7640888933,0.3741755704,0.2031002064
MLTI,0.34735858,0.485501164,0.4763068962,0.5608024295,0.26724327,0.1756247334
MOOC,0.6360328533,0.6525379807,0.2726231472,0.1508392573,0.1151236225,0.243571515
SCNWiki,0.2601611147,0.6074246141,0.3710044587,0.362752151,0.3052865025,0.4482390574
LKML,0.6157459747,0.3204498212,0.3294206781,0.4826400874,0.1985976634,0.3704974194
JPMorgan AML,-0.1426643066,-0.4501171264,-0.5410391501,-0.5302420424,-0.4261961882,-0.1466911442
JPMorgan P-F,0.41203999,0.1902628753,-0.5290937411,-0.6130477557,0.0422882676,0.3694144688