,Type 1,Type 2,Type 3,Type 4,Type 5,Type 6
HAWiki,0.4687109405,0.4654429375,0.1225836862,0.5367421214,0.4950436359,0.1244421944
TWWiki,0.406300488,0.3551524544,0.3261215198,0.3633788034,0.6379923144,0.2517003256
SVWiki,0.1854483642,0.6698921988,0.2428814607,0.1755918814,0.3512075405,0.5510741301
UCForum,0.2181367195,0.296409244,0.5455843355,0.4080775991,0.2779738554,0.5684178687
SDWiki,0.1948664306,0.01300813636,0.6173400798,0.6071815662,0.3885975563,0.2471266344
MLTI,0.1748128596,0.3042038903,0.727327236,0.5783209253,0.07813222354,0.08564935435
MOOC,0.7848878754,0.3616422243,0.203800833,0.305492302,0.2046389413,0.2764570531
SCNWiki,0.3186626828,0.3822743094,0.4569986975,0.503544232,0.3539561777,0.4057472959
LKML,0.6065359234,0.4331367407,0.375496308,0.4441665888,0.2145756357,0.2453214181
JPMorgan AML,-0.313106935,-0.4410763252,-0.4177140167,-0.5056272314,-0.3853002046,-0.3589088716
JPMorgan P-F,-0.3150793895,-0.2302777685,0.4101638508,0.6017046276,-0.4070728056,-0.3894945637