,Type 1,Type 2,Type 3,Type 4,Type 5,Type 6
HAWiki,0.8126931127,0.4269763802,-0.07782237621,0.3884323686,-0.005904657435,0.01581718135
TWWiki,0.3956214438,0.2770820162,0.2145163273,0.2166466553,0.4085641895,0.711920996
SVWiki,0.2380030538,0.7824476435,0.5385714409,0.1009025443,0.09912730564,0.1451326578
UCForum,0.4598089158,0.5650234381,0.1508729168,0.1557491111,0.4873344438,0.4298941644
SDWiki,0.2385865302,0.4286640261,0.4106687294,0.6352692735,0.2843614073,0.3259545293
MLTI,0.3005168175,0.4146306999,0.6407860634,0.5456244896,0.1606835744,0.06032372075
MOOC,0.6530054098,0.3918547891,0.3002863625,0.4248686653,0.3061047779,0.2358990076
SCNWiki,0.3480247135,0.4286137326,0.5485539852,0.6113248022,0.08897234534,0.1123543515
LKML,0.7235640753,0.5415323472,0.2470610031,0.2914566567,0.1606927951,0.1067213633
JPMorgan AML,-0.6982420098,-0.438253883,-0.2633270464,-0.2585627202,-0.2960746675,-0.3107017983
JPMorgan P-F,-0.2425944603,-0.2001202009,0.4101148371,0.5662668129,-0.5073032985,-0.3935618291